Time taken by SIMD matrix multiplication is : 2818.602525 sec 
Did not print out matrices because matrix dimension >20.
Time taken by SIMD matrix multiplication is : 1.827085 sec 
Did not print out matrices because matrix dimension >20.
Time taken by SIMD matrix multiplication is : 2.442745 sec 
Did not print out matrices because matrix dimension >20.
Time taken by SIMD matrix multiplication is : 0.003219 sec 
Did not print out matrices because matrix dimension >20.
Time taken by SIMD matrix multiplication is : 0.003858 sec 
Did not print out matrices because matrix dimension >20.
 0.8402  0.3944  0.7831  0.7984  0.9116  0.1976  0.3352  0.7682  0.2778   0.554
 0.4774  0.6289  0.3648  0.5134  0.9522  0.9162  0.6357  0.7173  0.1416   0.607
 0.0163  0.2429  0.1372  0.8042  0.1567  0.4009  0.1298  0.1088  0.9989  0.2183
 0.5129  0.8391  0.6126   0.296  0.6376  0.5243  0.4936  0.9728  0.2925  0.7714
 0.5267  0.7699  0.4002  0.8915  0.2833  0.3525  0.8077   0.919 0.06976  0.9493
  0.526 0.08606  0.1922  0.6632  0.8902  0.3489 0.06417 0.02002  0.4577  0.0631
 0.2383  0.9706  0.9022  0.8509  0.2667  0.5398  0.3752  0.7602  0.5125  0.6677
 0.5316 0.03928  0.4376  0.9318  0.9308   0.721  0.2843  0.7385    0.64   0.354
 0.6879   0.166  0.4401  0.8801  0.8292  0.3303   0.229  0.8934  0.3504  0.6867
 0.9565  0.5886  0.6573  0.8587  0.4396   0.924  0.3984  0.8148  0.6842   0.911

 0.4825  0.2158  0.9503  0.9201  0.1477  0.8811  0.6411   0.432  0.6196  0.2811
  0.786  0.3075   0.447  0.2261  0.1875  0.2762  0.5564  0.4165  0.1696  0.9068
 0.1032  0.1261  0.4954  0.7605  0.9848   0.935  0.6844  0.3832  0.7498  0.3687
 0.2942  0.2323  0.5845  0.2444  0.1524  0.7321  0.1255  0.7935  0.1641  0.7451
0.07453  0.9501 0.05253  0.5216  0.1762  0.2401  0.7978  0.7327  0.6566  0.9674
 0.6395  0.7597 0.09348  0.1349  0.5202 0.07823 0.06991  0.2047  0.4614  0.8197
 0.5733  0.7556 0.05194  0.1578       1  0.2043    0.89  0.1255  0.9978 0.05406
 0.8705 0.07233 0.004162  0.9231  0.5939  0.1804  0.1631  0.3917   0.913  0.8197
 0.3591  0.5525  0.5794  0.4526  0.6874 0.09964  0.5308  0.7573  0.3043  0.9922
  0.577  0.8776  0.7478  0.6289 0.03542  0.7478  0.8332  0.9254  0.8733   0.831

  2.506   2.552   2.492   3.391   2.356   3.049   3.168   3.235     3.6   3.905
   2.96   3.206   1.923   2.813   2.451   2.339   3.057    2.93   3.671   4.161
  1.371   1.585   1.457   1.217   1.431   1.176   1.339   2.013   1.297   2.624
   3.12   2.801   2.198   3.197   2.566    2.55   3.193   2.993   3.772   4.153
  3.245   2.693   2.408   2.981   2.421   2.847   3.099   3.081   3.747   3.876
  1.081   1.787   1.416   1.599   1.115   1.503    1.69   2.007   1.616   2.465
  3.033   2.532   2.488   2.958   2.766   2.815   2.954   3.185    3.36   4.321
  2.377   2.763   2.054    2.88   2.373    2.37    2.58    3.12   3.223   4.082
  2.471   2.532   2.267   3.148   2.043   2.689   2.737   3.188   3.376   3.898
  3.577   3.327   3.211   3.774   2.973   3.404   3.523   3.833   4.186   4.993

Time taken by SIMD matrix multiplication is : 0.0000 sec 
    3     6     7     5     3     5     6     2     9     1
    2     7     0     9     3     6     0     6     2     6
    1     8     7     9     2     0     2     3     7     5
    9     2     2     8     9     7     3     6     1     2
    9     3     1     9     4     7     8     4     5     0
    3     6     1     0     6     3     2     0     6     1
    5     5     4     7     6     5     6     9     3     7
    4     5     2     5     4     7     4     4     3     0
    7     8     6     8     8     4     3     1     4     9
    2     0     6     8     9     2     6     6     4     9

    5     0     4     8     7     1     7     2     7     2
    2     6     1     0     6     1     5     9     4     9
    0     9     1     7     7     1     1     5     9     7
    7     6     7     3     6     5     6     3     9     4
    8     1     2     9     3     9     0     8     8     5
    0     9     6     3     8     5     6     1     1     5
    9     8     4     8     1     0     3     0     4     4
    4     4     7     6     3     1     7     5     9     6
    2     1     7     8     5     7     4     1     8     5
    9     7     5     3     8     8     3     1     8     9

  175   249   202   265   250   166   189   159   304   259
  193   221   206   158   243   179   207   162   271   248
  189   237   189   207   250   171   178   179   330   275
  248   213   227   286   262   198   226   182   330   233
  244   233   248   291   255   168   247   141   312   224
  114   107   104   161   146   129   103   123   169   159
  291   295   263   305   297   214   250   204   392   322
  155   196   173   198   201   132   179   140   226   197
  291   289   230   295   341   254   226   226   400   339
  305   268   239   312   263   245   183   175   396   294

Time taken by SIMD matrix multiplication is : 0.000022 sec 
Time taken by SIMD matrix multiplication is : 14.992493 sec 
Did not print out matrices because matrix dimension >20.
Time taken by SIMD matrix multiplication is : 19.969460 sec 
Did not print out matrices because matrix dimension >20.
Time taken by SIMD matrix multiplication is : 0.020328 sec 
Did not print out matrices because matrix dimension >20.
Time taken by SIMD matrix multiplication is : 0.026829 sec 
Did not print out matrices because matrix dimension >20.
 0.8402  0.3944  0.7831  0.7984  0.9116  0.1976  0.3352  0.7682  0.2778   0.554  0.4774  0.6289  0.3648  0.5134  0.9522  0.9162  0.6357  0.7173  0.1416   0.607
 0.0163  0.2429  0.1372  0.8042  0.1567  0.4009  0.1298  0.1088  0.9989  0.2183  0.5129  0.8391  0.6126   0.296  0.6376  0.5243  0.4936  0.9728  0.2925  0.7714
 0.5267  0.7699  0.4002  0.8915  0.2833  0.3525  0.8077   0.919 0.06976  0.9493   0.526 0.08606  0.1922  0.6632  0.8902  0.3489 0.06417 0.02002  0.4577  0.0631
 0.2383  0.9706  0.9022  0.8509  0.2667  0.5398  0.3752  0.7602  0.5125  0.6677  0.5316 0.03928  0.4376  0.9318  0.9308   0.721  0.2843  0.7385    0.64   0.354
 0.6879   0.166  0.4401  0.8801  0.8292  0.3303   0.229  0.8934  0.3504  0.6867  0.9565  0.5886  0.6573  0.8587  0.4396   0.924  0.3984  0.8148  0.6842   0.911
 0.4825  0.2158  0.9503  0.9201  0.1477  0.8811  0.6411   0.432  0.6196  0.2811   0.786  0.3075   0.447  0.2261  0.1875  0.2762  0.5564  0.4165  0.1696  0.9068
 0.1032  0.1261  0.4954  0.7605  0.9848   0.935  0.6844  0.3832  0.7498  0.3687  0.2942  0.2323  0.5845  0.2444  0.1524  0.7321  0.1255  0.7935  0.1641  0.7451
0.07453  0.9501 0.05253  0.5216  0.1762  0.2401  0.7978  0.7327  0.6566  0.9674  0.6395  0.7597 0.09348  0.1349  0.5202 0.07823 0.06991  0.2047  0.4614  0.8197
 0.5733  0.7556 0.05194  0.1578       1  0.2043    0.89  0.1255  0.9978 0.05406  0.8705 0.07233 0.004162  0.9231  0.5939  0.1804  0.1631  0.3917   0.913  0.8197
 0.3591  0.5525  0.5794  0.4526  0.6874 0.09964  0.5308  0.7573  0.3043  0.9922   0.577  0.8776  0.7478  0.6289 0.03542  0.7478  0.8332  0.9254  0.8733   0.831
 0.9794  0.7438  0.9034  0.9836  0.6669  0.4973   0.164    0.83  0.8889 0.07699  0.6497   0.248  0.6295  0.2291  0.7006  0.3169  0.3288  0.2314 0.07416  0.6331
 0.2237  0.6511  0.5107  0.9715    0.28  0.5461  0.7193  0.1133  0.4715  0.5925  0.9443  0.4509  0.3364  0.8477  0.4345 0.003231  0.3449  0.5985  0.8332  0.2339
 0.6755   0.483  0.4819   0.305  0.7121  0.1826  0.6218 0.04086   0.414   0.696  0.6739  0.6376  0.3471  0.1846  0.6091  0.6272  0.7307  0.3284  0.7404  0.2022
 0.9209  0.6848  0.6531  0.2573  0.5324 0.08764  0.2605  0.8774  0.6861 0.09374  0.1113  0.3616  0.5767  0.5932  0.6666  0.2888  0.7758  0.2884  0.3296  0.1898
 0.9844 0.003579  0.8274  0.3315  0.1882  0.4365  0.9586  0.9189  0.7649  0.6991  0.1211  0.6858  0.3838  0.7743  0.9431  0.9163  0.8619  0.2035  0.7937   0.548
 0.2973  0.9049  0.9096   0.874  0.4981  0.5762  0.1628  0.2739  0.8646  0.4924  0.4637  0.8489   0.496  0.2911  0.1804  0.6842  0.7276  0.1391  0.6031  0.4924
 0.8381  0.7243  0.1782   0.222  0.4985  0.1213  0.1382  0.3604  0.3248  0.9319  0.9085  0.6221  0.8368  0.8181  0.4961   0.335  0.3943  0.6588  0.6089  0.2589
 0.1512 0.07255  0.1078  0.6472  0.3636  0.2883  0.3314 0.09115  0.4273  0.9345  0.5836  0.2655  0.6587  0.7618  0.4874  0.1573   0.883  0.6257  0.5177  0.2078
 0.5576  0.4262  0.8299  0.3944  0.2443   0.326  0.7294  0.6387  0.9848  0.3382  0.8976  0.1361  0.4108 0.005409  0.7833  0.7744  0.2937  0.1147  0.8655   0.721
0.04916  0.4491  0.9865  0.7079  0.2109  0.4739  0.8652 0.09392 0.09956  0.3829  0.3018  0.6571  0.8091  0.1317 0.05151 0.05342  0.4577  0.7809  0.6921  0.4426

 0.1191  0.5896  0.5786  0.5299   0.595  0.3619  0.3043  0.8887  0.4766  0.1698  0.6097  0.5257  0.6189  0.5962  0.2337  0.8298 0.07009 0.09884  0.9237  0.1696
 0.4817  0.2255  0.8268  0.2908  0.3572  0.8783  0.3443  0.8149  0.6591 0.03633  0.2575  0.7783   0.626  0.8361  0.3082   0.221   0.198  0.6124  0.1097  0.6746
 0.7823  0.7195  0.2004  0.4012  0.3157   0.434   0.231  0.3857  0.5328  0.1547  0.5554 0.01458  0.3802  0.3822  0.3054  0.7374  0.2604  0.6497  0.5523  0.9196
  0.686  0.8098  0.6978   0.312  0.6459 0.006005   0.533  0.8439  0.6184  0.6427  0.5185  0.4007  0.3622  0.7189  0.8019  0.6778  0.1529 0.03289 0.06356  0.6857
 0.1876   0.619  0.7003  0.5678 0.001125 0.005709  0.3052  0.2616  0.6554  0.8576  0.1812  0.3414  0.6673   0.879  0.6533  0.3132   0.885  0.1863  0.1571  0.5035
  0.829  0.6757  0.9042  0.1911  0.3945  0.7061  0.8689  0.5474   0.739  0.9325  0.2331  0.9266  0.5514  0.9334  0.4944  0.5526  0.9391  0.7996  0.8141  0.5945
 0.6572  0.9953  0.9359  0.3245  0.8743  0.5892  0.6378  0.7593  0.7754  0.7949  0.2628  0.6044  0.4706   0.167  0.7955  0.8651   0.873  0.6644  0.4125   0.612
 0.5969  0.6456  0.5386  0.1483   0.579 0.03296  0.7009  0.5182  0.8326   0.515  0.1126  0.4898  0.5103  0.0485  0.8144  0.3847  0.6377  0.4521   0.144  0.4131
  0.247  0.4068 0.01746  0.7176  0.5737  0.8129  0.5827  0.4467  0.4774  0.9952 0.05872 0.07426  0.6408  0.5973  0.2226  0.2198  0.6302  0.9235  0.7379  0.4629
 0.4386  0.8506  0.9527  0.9489  0.8991   0.767  0.3336  0.5367  0.2191  0.4776  0.9498  0.4662  0.8843  0.9673  0.1838   0.458  0.7802  0.7664  0.9048  0.2576
 0.7616  0.9635  0.3318  0.4024  0.5608  0.5544  0.6222   0.191   0.478  0.3601  0.6539  0.9165  0.2107  0.6065  0.8654  0.1098  0.3736   0.199  0.6465  0.5927
 0.6766  0.5963 0.05886  0.5609  0.5636  0.2426 0.01891  0.3438 0.009073  0.9237  0.6014  0.7707  0.8872  0.9333  0.1731   0.448  0.4877  0.7952   0.639  0.9657
 0.1553  0.2929  0.8822   0.366  0.8994  0.7476  0.4758   0.273  0.9466  0.1223  0.8657  0.6232  0.7187  0.9245  0.1841  0.2823  0.1672   0.203  0.6261  0.1762
 0.1267  0.2276  0.9469 0.01387  0.1608    0.12  0.4618  0.6485  0.9152  0.1009  0.6142 0.07056  0.3937  0.4964  0.4366  0.2932  0.2441  0.9124  0.5662  0.1907
0.03472  0.4318  0.8139  0.7534  0.3564   0.998 0.03567  0.5235  0.2009  0.6618  0.6998  0.3276  0.8893  0.6467  0.3415 0.05017  0.7667  0.8033  0.6987  0.6819
 0.9042  0.3129  0.7525  0.2979  0.8094  0.1891  0.5911 0.05344  0.1015  0.1573  0.2441  0.1362  0.5891 0.05805  0.8896  0.9455 0.05602  0.9252  0.4691   0.257
  0.587  0.1688  0.5846  0.4764  0.8155  0.9261  0.5265  0.5823  0.7294  0.2252  0.2642  0.6336  0.5382 0.01665  0.9315  0.3475  0.2057  0.5226   0.401  0.3072
 0.6799  0.6451  0.4433   0.269  0.7032  0.3329  0.2145  0.7592  0.2581  0.6836 0.01618  0.8451  0.8524  0.6008  0.3215   0.668  0.5268   0.848  0.2502  0.2562
0.07324  0.5144  0.8898  0.6114   0.531  0.8213   0.959  0.7367   0.344  0.3599 0.04392 0.02386 0.005076  0.4873  0.2929  0.7083  0.8201  0.5074  0.4675 0.07826
  0.191  0.4836  0.9234 0.04339 0.08441  0.2449  0.7114  0.6112 0.09286  0.9616  0.8675  0.1661  0.4759  0.7573  0.7775 0.00698  0.5786  0.7365  0.7437  0.9226

  5.535   6.599   7.447   4.911   6.141   4.981   4.898   6.142   5.556   5.852   5.315   5.168   7.041   6.592   6.236   5.504   5.274   6.648   5.838   5.934
   4.34   4.889   5.323   3.784   5.081   4.554   4.153   4.743   3.922   5.508   3.954   4.324    5.53    5.76   4.493   3.711     4.3   5.801   4.786   4.788
  4.233   5.689   6.793   3.952   5.099   4.535   4.389   5.425   5.073   4.219   4.329   4.182   5.067   5.255   4.796   4.372   4.658   5.076   4.524   4.462
  5.488   6.396   7.933   4.592   6.099   5.823   5.516   6.479   6.082   5.257   4.932   4.912     6.4   6.598   5.787   5.321   5.423   7.143   5.627   5.598
  5.811   7.265   8.315   4.948   6.683   5.111   6.149   6.531   6.116   6.355   5.772    5.54   6.962   7.363    6.81   5.779   5.853    7.01   6.449   5.876
  5.206   6.036   6.047   3.622   5.281   4.643    5.08   5.364    5.14   5.414   4.478   4.657   5.145    5.67   5.422   4.576   4.598    5.47   5.286   5.471
  4.905   5.771   6.333   3.637   5.024   4.015   4.913   4.873   4.938   5.946   3.751   4.353   5.554     5.9   5.233    4.66   5.177   5.723   4.744   4.933
  4.138   5.501   5.866   3.943   4.857   4.699    4.32   5.086   4.035   5.316   4.102   4.397   5.168    5.67   4.445   3.481   5.037   5.486   4.591   5.031
  3.467   5.402    6.56   3.958   4.284   4.899   4.996   5.545   4.999    5.39   3.685   3.916    4.92   5.735   5.021   3.847   5.347   5.721   4.979   4.652
  5.843   6.877   8.055   5.051    6.97   5.634   5.879   6.495   5.927   5.981   5.391    5.61   6.969    7.05   6.298   5.789   5.816   7.243   6.106   5.702
  4.827   6.028   6.412   4.314   5.306   4.941   4.923   5.817   5.786   5.424   4.769   4.776   6.014   6.434   5.459   4.573   4.648   5.449   5.406   5.768
  4.745   6.105   6.665   4.171   5.412   5.213   4.939   5.869   5.354    5.08   4.407   4.832   5.177   6.263   4.937    4.58   5.021   5.715   5.053    4.99
   4.38   5.517   6.166   4.694   5.468   5.231   4.304   5.034   4.456   4.688   4.211   4.439   5.498   5.603   4.766   4.651   4.705   5.446   5.177   4.569
  3.695   4.532   5.617   3.857   4.792     4.6   3.995   5.124   5.171   4.036   3.727   3.889   5.347   4.863   4.383   4.058   3.934   5.115   4.562   4.251
  5.447   6.768   7.983    5.35   6.988   6.163   5.892    6.67   6.014   6.123   5.357   4.741   6.936   6.109   6.194   6.195   6.023   7.715   6.956   5.725
   5.38   5.766   6.423   4.595   5.722   5.412   5.122   5.562   5.281   5.334   4.553    4.69   5.902   6.514   5.291   4.935   4.719   6.243   5.409   5.727
  4.169   5.578    6.76   4.572   5.682   5.264   4.448   5.486   5.098   4.418   5.002   5.061   6.007   6.567   4.515   4.323   4.579   5.673   5.611   4.337
  3.679   4.751   5.866   3.886   5.055   4.627   4.025   4.663    4.49   4.196   4.055    4.02   4.887   5.178   4.242   3.635   4.173   4.922   4.563   3.551
  4.779   6.105     6.5   4.576   5.703   5.645   5.442   5.366   4.944   5.345   4.386   4.134   5.376   5.524   5.493   4.786   5.214   6.058     5.7   5.308
  4.531   5.291   5.592   3.426   5.035   4.437   4.121   4.917   4.519   4.455   3.787     4.3   4.686   5.292   4.119   4.479   4.238   4.901   4.183   4.638

Time taken by SIMD matrix multiplication is : 0.0000 sec 
    3     6     7     5     3     5     6     2     9     1     2     7     0     9     3     6     0     6     2     6
    1     8     7     9     2     0     2     3     7     5     9     2     2     8     9     7     3     6     1     2
    9     3     1     9     4     7     8     4     5     0     3     6     1     0     6     3     2     0     6     1
    5     5     4     7     6     5     6     9     3     7     4     5     2     5     4     7     4     4     3     0
    7     8     6     8     8     4     3     1     4     9     2     0     6     8     9     2     6     6     4     9
    5     0     4     8     7     1     7     2     7     2     2     6     1     0     6     1     5     9     4     9
    0     9     1     7     7     1     1     5     9     7     7     6     7     3     6     5     6     3     9     4
    8     1     2     9     3     9     0     8     8     5     0     9     6     3     8     5     6     1     1     5
    9     8     4     8     1     0     3     0     4     4     4     4     7     6     3     1     7     5     9     6
    2     1     7     8     5     7     4     1     8     5     9     7     5     3     8     8     3     1     8     9
    6     4     3     3     3     8     6     0     4     8     8     8     9     7     7     6     4     3     0     3
    0     9     2     5     4     0     5     9     4     6     9     2     2     4     7     7     5     4     8     1
    2     8     9     3     6     8     0     2     1     0     5     1     1     0     8     5     0     6     4     6
    2     5     8     6     2     8     4     7     2     4     0     6     2     9     9     0     8     1     3     1
    1     0     3     4     0     3     9     1     9     6     9     3     3     8     0     5     6     6     4     0
    0     4     6     2     6     7     5     6     9     8     7     2     8     2     9     9     6     0     2     7
    6     1     3     2     1     5     9     9     1     4     9     1     0     7     5     8     7     0     4     8
    0     4     2     9     6     1     0     4     2     2     2     0     5     5     2     9     0     2     8     3
    8     0     4     0     9     1     9     6     2     5     4     4     9     9     3     6     0     5     0     2
    9     4     3     5     1     7     4     3     1     4     6     9     4     2     2     6     4     1     2     8

    8     9     2     8     8     8     6     8     3     8     3     3     3     8     0     4     7     6     8     9
    0     6     8     7     9     0     3     3     3     7     3     2     6     5     2     6     5     8     7     9
    6     0     4     1     0     4     8     7     0     8     6     2     4     7     9     3     9     2     8     3
    0     1     7     8     9     1     5     4     9     2     5     7     4     9     9     4     5     9     3     5
    7     0     8     1     9     9     7     8     2     5     3     4     9     0     2     0     1     9     6     2
    1     2     0     7     3     1     1     9     0     5     6     7     7     4     0     6     4     7     4     8
    5     8     2     6     0     6     6     4     6     2     8     9     6     0     7     0     1     0     1     3
    7     7     2     6     4     5     2     0     2     9     0     9     9     4     5     1     0     3     7     8
    8     6     0     4     6     7     6     0     9     7     5     9     7     8     5     3     3     8     3     7
    9     3     7     8     7     4     1     9     0     9     8     8     5     8     4     3     7     1     3     8
    0     9     7     9     9     3     2     4     3     7     1     2     2     0     2     1     7     5     1     7
    4     1     7     1     1     1     7     0     4     0     8     5     1     6     6     2     1     9     6     4
    8     0     8     1     0     2     2     9     7     5     6     4     6     3     7     9     7     4     9     1
    7     0     6     0     8     5     3     9     4     1     5     4     1     5     5     4     9     8     3     8
    5     2     2     2     7     0     3     4     6     3     6     3     3     4     4     3     9     7     2     5
    8     9     0     2     4     7     6     5     7     1     3     3     3     8     5     1     0     8     7     6
    3     5     0     8     0     4     1     1     3     5     9     3     4     1     5     0     8     3     5     6
    5     9     9     0     7     6     3     7     6     1     5     0     6     5     0     8     1     2     2     6
    9     1     0     4     2     7     4     0     3     2     8     0     3     7     0     0     3     4     9     2
    7     4     2     5     2     4     4     3     8     6     0     8     9     2     2     3     1     8     3     4

  461   362   353   324   434   376   413   404   419   358   419   428   420   459   372   284   349   548   392   507
  439   402   435   398   554   344   372   434   441   423   428   393   403   480   422   299   482   548   390   558
  374   336   250   408   384   323   353   316   355   336   398   397   369   392   305   202   310   475   379   433
  497   413   395   443   491   408   382   453   370   445   462   465   463   470   399   262   394   517   462   562
  599   387   493   485   596   447   422   602   475   539   539   492   559   526   420   382   569   629   514   615
  466   364   345   360   401   396   398   352   443   361   430   420   456   391   343   240   315   483   362   424
  544   389   454   464   535   409   391   400   473   483   508   462   508   495   410   297   444   616   513   555
  523   354   334   449   451   361   382   433   442   463   480   530   482   523   415   317   429   613   487   570
  492   365   407   440   455   379   368   422   431   424   483   367   409   478   358   319   479   519   483   510
  578   392   394   476   491   434   464   481   506   482   538   518   509   528   455   296   480   659   504   554
  513   400   442   440   478   367   377   553   420   449   524   470   438   455   408   346   504   567   450   572
  471   437   386   447   502   382   338   356   391   438   433   400   442   425   367   229   398   493   438   539
  342   294   309   302   391   275   314   381   287   364   314   274   395   345   243   259   330   455   375   409
  418   255   325   378   381   287   324   404   310   397   487   420   397   418   402   263   470   480   419   506
  423   387   314   369   371   372   308   370   369   334   446   387   342   372   352   220   369   384   308   460
  584   424   367   471   461   420   396   491   455   547   499   543   559   456   451   297   473   581   491   570
  485   460   256   474   398   405   331   395   364   439   392   457   427   364   348   187   393   461   395   540
  377   222   285   255   360   298   277   311   327   260   289   277   324   359   280   195   254   424   365   332
  553   368   406   299   415   439   376   515   359   391   399   411   425   361   363   267   365   442   426   453
  420   379   325   434   373   322   347   399   357   401   395   414   390   409   324   261   361   507   425   494

Time taken by SIMD matrix multiplication is : 0.000059 sec 
 0.8402  0.3944
 0.7831  0.7984

 0.9116  0.1976
 0.3352  0.7682

 0.8982   0.469
 0.9816  0.7681

Time taken by SIMD matrix multiplication is : 0.0000 sec 
    3     6
    7     5

    3     5
    6     2

   45    27
   51    45

Time taken by SIMD matrix multiplication is : 0.000011 sec 
Time taken by SIMD matrix multiplication is : 0.265735 sec 
Did not print out matrices because matrix dimension >20.
Time taken by SIMD matrix multiplication is : 0.349341 sec 
Did not print out matrices because matrix dimension >20.
Time taken by SIMD matrix multiplication is : 0.000436 sec 
Did not print out matrices because matrix dimension >20.
Time taken by SIMD matrix multiplication is : 0.000870 sec 
Did not print out matrices because matrix dimension >20.
 0.8402  0.3944  0.7831  0.7984  0.9116
 0.1976  0.3352  0.7682  0.2778   0.554
 0.4774  0.6289  0.3648  0.5134  0.9522
 0.9162  0.6357  0.7173  0.1416   0.607
 0.0163  0.2429  0.1372  0.8042  0.1567

 0.4009  0.1298  0.1088  0.9989  0.2183
 0.5129  0.8391  0.6126   0.296  0.6376
 0.5243  0.4936  0.9728  0.2925  0.7714
 0.5267  0.7699  0.4002  0.8915  0.2833
 0.3525  0.8077   0.919 0.06976  0.9493

  1.692   2.178   2.252   1.961   2.131
 0.9955   1.347   1.594  0.8076   1.454
  1.311   1.934   1.873   1.294   1.836
  1.358   1.606   1.801   1.482   1.775
 0.6819   1.019  0.7499  0.8562  0.6408

Time taken by SIMD matrix multiplication is : 0.0000 sec 
    3     6     7     5     3
    5     6     2     9     1
    2     7     0     9     3
    6     0     6     2     6
    1     8     7     9     2

    0     2     3     7     5
    9     2     2     8     9
    7     3     6     1     2
    9     3     1     9     4
    7     8     4     5     0

  169    78    80   136   103
  156    63    52   171   119
  165    69    41   166   109
  102    84    80    96    50
  216    82    78   169   127

Time taken by SIMD matrix multiplication is : 0.000010 sec 
Time taken by SIMD matrix multiplication is : 16.619638 sec 
Did not print out matrices because matrix dimension >20.
Time taken by SIMD matrix multiplication is : 15.468038 sec 
Did not print out matrices because matrix dimension >20.
Time taken by SIMD matrix multiplication is : 0.023839 sec 
Did not print out matrices because matrix dimension >20.
Time taken by SIMD matrix multiplication is : 0.021931 sec 
Did not print out matrices because matrix dimension >20.
 0.8402  0.3944  0.7831  0.7984  0.9116  0.1976  0.3352  0.7682  0.2778   0.554
 0.4774  0.6289  0.3648  0.5134  0.9522  0.9162  0.6357  0.7173  0.1416   0.607
 0.0163  0.2429  0.1372  0.8042  0.1567  0.4009  0.1298  0.1088  0.9989  0.2183
 0.5129  0.8391  0.6126   0.296  0.6376  0.5243  0.4936  0.9728  0.2925  0.7714
 0.5267  0.7699  0.4002  0.8915  0.2833  0.3525  0.8077   0.919 0.06976  0.9493
  0.526 0.08606  0.1922  0.6632  0.8902  0.3489 0.06417 0.02002  0.4577  0.0631
 0.2383  0.9706  0.9022  0.8509  0.2667  0.5398  0.3752  0.7602  0.5125  0.6677
 0.5316 0.03928  0.4376  0.9318  0.9308   0.721  0.2843  0.7385    0.64   0.354
 0.6879   0.166  0.4401  0.8801  0.8292  0.3303   0.229  0.8934  0.3504  0.6867
 0.9565  0.5886  0.6573  0.8587  0.4396   0.924  0.3984  0.8148  0.6842   0.911

 0.4825  0.2158  0.9503  0.9201  0.1477  0.8811  0.6411   0.432  0.6196  0.2811
  0.786  0.3075   0.447  0.2261  0.1875  0.2762  0.5564  0.4165  0.1696  0.9068
 0.1032  0.1261  0.4954  0.7605  0.9848   0.935  0.6844  0.3832  0.7498  0.3687
 0.2942  0.2323  0.5845  0.2444  0.1524  0.7321  0.1255  0.7935  0.1641  0.7451
0.07453  0.9501 0.05253  0.5216  0.1762  0.2401  0.7978  0.7327  0.6566  0.9674
 0.6395  0.7597 0.09348  0.1349  0.5202 0.07823 0.06991  0.2047  0.4614  0.8197
 0.5733  0.7556 0.05194  0.1578       1  0.2043    0.89  0.1255  0.9978 0.05406
 0.8705 0.07233 0.004162  0.9231  0.5939  0.1804  0.1631  0.3917   0.913  0.8197
 0.3591  0.5525  0.5794  0.4526  0.6874 0.09964  0.5308  0.7573  0.3043  0.9922
  0.577  0.8776  0.7478  0.6289 0.03542  0.7478  0.8332  0.9254  0.8733   0.831

  2.506   2.552   2.492   3.391   2.356   3.049   3.168   3.235     3.6   3.905
   2.96   3.206   1.923   2.813   2.451   2.339   3.057    2.93   3.671   4.161
  1.371   1.585   1.457   1.217   1.431   1.176   1.339   2.013   1.297   2.624
   3.12   2.801   2.198   3.197   2.566    2.55   3.193   2.993   3.772   4.153
  3.245   2.693   2.408   2.981   2.421   2.847   3.099   3.081   3.747   3.876
  1.081   1.787   1.416   1.599   1.115   1.503    1.69   2.007   1.616   2.465
  3.033   2.532   2.488   2.958   2.766   2.815   2.954   3.185    3.36   4.321
  2.377   2.763   2.054    2.88   2.373    2.37    2.58    3.12   3.223   4.082
  2.471   2.532   2.267   3.148   2.043   2.689   2.737   3.188   3.376   3.898
  3.577   3.327   3.211   3.774   2.973   3.404   3.523   3.833   4.186   4.993

Time taken by SIMD matrix multiplication is : 0.0000 sec 
    3     6     7     5     3     5     6     2     9     1
    2     7     0     9     3     6     0     6     2     6
    1     8     7     9     2     0     2     3     7     5
    9     2     2     8     9     7     3     6     1     2
    9     3     1     9     4     7     8     4     5     0
    3     6     1     0     6     3     2     0     6     1
    5     5     4     7     6     5     6     9     3     7
    4     5     2     5     4     7     4     4     3     0
    7     8     6     8     8     4     3     1     4     9
    2     0     6     8     9     2     6     6     4     9

    5     0     4     8     7     1     7     2     7     2
    2     6     1     0     6     1     5     9     4     9
    0     9     1     7     7     1     1     5     9     7
    7     6     7     3     6     5     6     3     9     4
    8     1     2     9     3     9     0     8     8     5
    0     9     6     3     8     5     6     1     1     5
    9     8     4     8     1     0     3     0     4     4
    4     4     7     6     3     1     7     5     9     6
    2     1     7     8     5     7     4     1     8     5
    9     7     5     3     8     8     3     1     8     9

  175   249   202   265   250   166   189   159   304   259
  193   221   206   158   243   179   207   162   271   248
  189   237   189   207   250   171   178   179   330   275
  248   213   227   286   262   198   226   182   330   233
  244   233   248   291   255   168   247   141   312   224
  114   107   104   161   146   129   103   123   169   159
  291   295   263   305   297   214   250   204   392   322
  155   196   173   198   201   132   179   140   226   197
  291   289   230   295   341   254   226   226   400   339
  305   268   239   312   263   245   183   175   396   294

Time taken by SIMD matrix multiplication is : 0.000034 sec 
Time taken by SIMD matrix multiplication is : 143.664084 sec 
Did not print out matrices because matrix dimension >20.
Time taken by SIMD matrix multiplication is : 132.586550 sec 
Did not print out matrices because matrix dimension >20.
Time taken by SIMD matrix multiplication is : 0.177538 sec 
Did not print out matrices because matrix dimension >20.
Time taken by SIMD matrix multiplication is : 0.167420 sec 
Did not print out matrices because matrix dimension >20.
 0.8402  0.3944  0.7831  0.7984  0.9116  0.1976  0.3352  0.7682  0.2778   0.554  0.4774  0.6289  0.3648  0.5134  0.9522  0.9162  0.6357  0.7173  0.1416   0.607
 0.0163  0.2429  0.1372  0.8042  0.1567  0.4009  0.1298  0.1088  0.9989  0.2183  0.5129  0.8391  0.6126   0.296  0.6376  0.5243  0.4936  0.9728  0.2925  0.7714
 0.5267  0.7699  0.4002  0.8915  0.2833  0.3525  0.8077   0.919 0.06976  0.9493   0.526 0.08606  0.1922  0.6632  0.8902  0.3489 0.06417 0.02002  0.4577  0.0631
 0.2383  0.9706  0.9022  0.8509  0.2667  0.5398  0.3752  0.7602  0.5125  0.6677  0.5316 0.03928  0.4376  0.9318  0.9308   0.721  0.2843  0.7385    0.64   0.354
 0.6879   0.166  0.4401  0.8801  0.8292  0.3303   0.229  0.8934  0.3504  0.6867  0.9565  0.5886  0.6573  0.8587  0.4396   0.924  0.3984  0.8148  0.6842   0.911
 0.4825  0.2158  0.9503  0.9201  0.1477  0.8811  0.6411   0.432  0.6196  0.2811   0.786  0.3075   0.447  0.2261  0.1875  0.2762  0.5564  0.4165  0.1696  0.9068
 0.1032  0.1261  0.4954  0.7605  0.9848   0.935  0.6844  0.3832  0.7498  0.3687  0.2942  0.2323  0.5845  0.2444  0.1524  0.7321  0.1255  0.7935  0.1641  0.7451
0.07453  0.9501 0.05253  0.5216  0.1762  0.2401  0.7978  0.7327  0.6566  0.9674  0.6395  0.7597 0.09348  0.1349  0.5202 0.07823 0.06991  0.2047  0.4614  0.8197
 0.5733  0.7556 0.05194  0.1578       1  0.2043    0.89  0.1255  0.9978 0.05406  0.8705 0.07233 0.004162  0.9231  0.5939  0.1804  0.1631  0.3917   0.913  0.8197
 0.3591  0.5525  0.5794  0.4526  0.6874 0.09964  0.5308  0.7573  0.3043  0.9922   0.577  0.8776  0.7478  0.6289 0.03542  0.7478  0.8332  0.9254  0.8733   0.831
 0.9794  0.7438  0.9034  0.9836  0.6669  0.4973   0.164    0.83  0.8889 0.07699  0.6497   0.248  0.6295  0.2291  0.7006  0.3169  0.3288  0.2314 0.07416  0.6331
 0.2237  0.6511  0.5107  0.9715    0.28  0.5461  0.7193  0.1133  0.4715  0.5925  0.9443  0.4509  0.3364  0.8477  0.4345 0.003231  0.3449  0.5985  0.8332  0.2339
 0.6755   0.483  0.4819   0.305  0.7121  0.1826  0.6218 0.04086   0.414   0.696  0.6739  0.6376  0.3471  0.1846  0.6091  0.6272  0.7307  0.3284  0.7404  0.2022
 0.9209  0.6848  0.6531  0.2573  0.5324 0.08764  0.2605  0.8774  0.6861 0.09374  0.1113  0.3616  0.5767  0.5932  0.6666  0.2888  0.7758  0.2884  0.3296  0.1898
 0.9844 0.003579  0.8274  0.3315  0.1882  0.4365  0.9586  0.9189  0.7649  0.6991  0.1211  0.6858  0.3838  0.7743  0.9431  0.9163  0.8619  0.2035  0.7937   0.548
 0.2973  0.9049  0.9096   0.874  0.4981  0.5762  0.1628  0.2739  0.8646  0.4924  0.4637  0.8489   0.496  0.2911  0.1804  0.6842  0.7276  0.1391  0.6031  0.4924
 0.8381  0.7243  0.1782   0.222  0.4985  0.1213  0.1382  0.3604  0.3248  0.9319  0.9085  0.6221  0.8368  0.8181  0.4961   0.335  0.3943  0.6588  0.6089  0.2589
 0.1512 0.07255  0.1078  0.6472  0.3636  0.2883  0.3314 0.09115  0.4273  0.9345  0.5836  0.2655  0.6587  0.7618  0.4874  0.1573   0.883  0.6257  0.5177  0.2078
 0.5576  0.4262  0.8299  0.3944  0.2443   0.326  0.7294  0.6387  0.9848  0.3382  0.8976  0.1361  0.4108 0.005409  0.7833  0.7744  0.2937  0.1147  0.8655   0.721
0.04916  0.4491  0.9865  0.7079  0.2109  0.4739  0.8652 0.09392 0.09956  0.3829  0.3018  0.6571  0.8091  0.1317 0.05151 0.05342  0.4577  0.7809  0.6921  0.4426

 0.1191  0.5896  0.5786  0.5299   0.595  0.3619  0.3043  0.8887  0.4766  0.1698  0.6097  0.5257  0.6189  0.5962  0.2337  0.8298 0.07009 0.09884  0.9237  0.1696
 0.4817  0.2255  0.8268  0.2908  0.3572  0.8783  0.3443  0.8149  0.6591 0.03633  0.2575  0.7783   0.626  0.8361  0.3082   0.221   0.198  0.6124  0.1097  0.6746
 0.7823  0.7195  0.2004  0.4012  0.3157   0.434   0.231  0.3857  0.5328  0.1547  0.5554 0.01458  0.3802  0.3822  0.3054  0.7374  0.2604  0.6497  0.5523  0.9196
  0.686  0.8098  0.6978   0.312  0.6459 0.006005   0.533  0.8439  0.6184  0.6427  0.5185  0.4007  0.3622  0.7189  0.8019  0.6778  0.1529 0.03289 0.06356  0.6857
 0.1876   0.619  0.7003  0.5678 0.001125 0.005709  0.3052  0.2616  0.6554  0.8576  0.1812  0.3414  0.6673   0.879  0.6533  0.3132   0.885  0.1863  0.1571  0.5035
  0.829  0.6757  0.9042  0.1911  0.3945  0.7061  0.8689  0.5474   0.739  0.9325  0.2331  0.9266  0.5514  0.9334  0.4944  0.5526  0.9391  0.7996  0.8141  0.5945
 0.6572  0.9953  0.9359  0.3245  0.8743  0.5892  0.6378  0.7593  0.7754  0.7949  0.2628  0.6044  0.4706   0.167  0.7955  0.8651   0.873  0.6644  0.4125   0.612
 0.5969  0.6456  0.5386  0.1483   0.579 0.03296  0.7009  0.5182  0.8326   0.515  0.1126  0.4898  0.5103  0.0485  0.8144  0.3847  0.6377  0.4521   0.144  0.4131
  0.247  0.4068 0.01746  0.7176  0.5737  0.8129  0.5827  0.4467  0.4774  0.9952 0.05872 0.07426  0.6408  0.5973  0.2226  0.2198  0.6302  0.9235  0.7379  0.4629
 0.4386  0.8506  0.9527  0.9489  0.8991   0.767  0.3336  0.5367  0.2191  0.4776  0.9498  0.4662  0.8843  0.9673  0.1838   0.458  0.7802  0.7664  0.9048  0.2576
 0.7616  0.9635  0.3318  0.4024  0.5608  0.5544  0.6222   0.191   0.478  0.3601  0.6539  0.9165  0.2107  0.6065  0.8654  0.1098  0.3736   0.199  0.6465  0.5927
 0.6766  0.5963 0.05886  0.5609  0.5636  0.2426 0.01891  0.3438 0.009073  0.9237  0.6014  0.7707  0.8872  0.9333  0.1731   0.448  0.4877  0.7952   0.639  0.9657
 0.1553  0.2929  0.8822   0.366  0.8994  0.7476  0.4758   0.273  0.9466  0.1223  0.8657  0.6232  0.7187  0.9245  0.1841  0.2823  0.1672   0.203  0.6261  0.1762
 0.1267  0.2276  0.9469 0.01387  0.1608    0.12  0.4618  0.6485  0.9152  0.1009  0.6142 0.07056  0.3937  0.4964  0.4366  0.2932  0.2441  0.9124  0.5662  0.1907
0.03472  0.4318  0.8139  0.7534  0.3564   0.998 0.03567  0.5235  0.2009  0.6618  0.6998  0.3276  0.8893  0.6467  0.3415 0.05017  0.7667  0.8033  0.6987  0.6819
 0.9042  0.3129  0.7525  0.2979  0.8094  0.1891  0.5911 0.05344  0.1015  0.1573  0.2441  0.1362  0.5891 0.05805  0.8896  0.9455 0.05602  0.9252  0.4691   0.257
  0.587  0.1688  0.5846  0.4764  0.8155  0.9261  0.5265  0.5823  0.7294  0.2252  0.2642  0.6336  0.5382 0.01665  0.9315  0.3475  0.2057  0.5226   0.401  0.3072
 0.6799  0.6451  0.4433   0.269  0.7032  0.3329  0.2145  0.7592  0.2581  0.6836 0.01618  0.8451  0.8524  0.6008  0.3215   0.668  0.5268   0.848  0.2502  0.2562
0.07324  0.5144  0.8898  0.6114   0.531  0.8213   0.959  0.7367   0.344  0.3599 0.04392 0.02386 0.005076  0.4873  0.2929  0.7083  0.8201  0.5074  0.4675 0.07826
  0.191  0.4836  0.9234 0.04339 0.08441  0.2449  0.7114  0.6112 0.09286  0.9616  0.8675  0.1661  0.4759  0.7573  0.7775 0.00698  0.5786  0.7365  0.7437  0.9226

  5.535   6.599   7.447   4.911   6.141   4.981   4.898   6.142   5.556   5.852   5.315   5.168   7.041   6.592   6.236   5.504   5.274   6.648   5.838   5.934
   4.34   4.889   5.323   3.784   5.081   4.554   4.153   4.743   3.922   5.508   3.954   4.324    5.53    5.76   4.493   3.711     4.3   5.801   4.786   4.788
  4.233   5.689   6.793   3.952   5.099   4.535   4.389   5.425   5.073   4.219   4.329   4.182   5.067   5.255   4.796   4.372   4.658   5.076   4.524   4.462
  5.488   6.396   7.933   4.592   6.099   5.823   5.516   6.479   6.082   5.257   4.932   4.912     6.4   6.598   5.787   5.321   5.423   7.143   5.627   5.598
  5.811   7.265   8.315   4.948   6.683   5.111   6.149   6.531   6.116   6.355   5.772    5.54   6.962   7.363    6.81   5.779   5.853    7.01   6.449   5.876
  5.206   6.036   6.047   3.622   5.281   4.643    5.08   5.364    5.14   5.414   4.478   4.657   5.145    5.67   5.422   4.576   4.598    5.47   5.286   5.471
  4.905   5.771   6.333   3.637   5.024   4.015   4.913   4.873   4.938   5.946   3.751   4.353   5.554     5.9   5.233    4.66   5.177   5.723   4.744   4.933
  4.138   5.501   5.866   3.943   4.857   4.699    4.32   5.086   4.035   5.316   4.102   4.397   5.168    5.67   4.445   3.481   5.037   5.486   4.591   5.031
  3.467   5.402    6.56   3.958   4.284   4.899   4.996   5.545   4.999    5.39   3.685   3.916    4.92   5.735   5.021   3.847   5.347   5.721   4.979   4.652
  5.843   6.877   8.055   5.051    6.97   5.634   5.879   6.495   5.927   5.981   5.391    5.61   6.969    7.05   6.298   5.789   5.816   7.243   6.106   5.702
  4.827   6.028   6.412   4.314   5.306   4.941   4.923   5.817   5.786   5.424   4.769   4.776   6.014   6.434   5.459   4.573   4.648   5.449   5.406   5.768
  4.745   6.105   6.665   4.171   5.412   5.213   4.939   5.869   5.354    5.08   4.407   4.832   5.177   6.263   4.937    4.58   5.021   5.715   5.053    4.99
   4.38   5.517   6.166   4.694   5.468   5.231   4.304   5.034   4.456   4.688   4.211   4.439   5.498   5.603   4.766   4.651   4.705   5.446   5.177   4.569
  3.695   4.532   5.617   3.857   4.792     4.6   3.995   5.124   5.171   4.036   3.727   3.889   5.347   4.863   4.383   4.058   3.934   5.115   4.562   4.251
  5.447   6.768   7.983    5.35   6.988   6.163   5.892    6.67   6.014   6.123   5.357   4.741   6.936   6.109   6.194   6.195   6.023   7.715   6.956   5.725
   5.38   5.766   6.423   4.595   5.722   5.412   5.122   5.562   5.281   5.334   4.553    4.69   5.902   6.514   5.291   4.935   4.719   6.243   5.409   5.727
  4.169   5.578    6.76   4.572   5.682   5.264   4.448   5.486   5.098   4.418   5.002   5.061   6.007   6.567   4.515   4.323   4.579   5.673   5.611   4.337
  3.679   4.751   5.866   3.886   5.055   4.627   4.025   4.663    4.49   4.196   4.055    4.02   4.887   5.178   4.242   3.635   4.173   4.922   4.563   3.551
  4.779   6.105     6.5   4.576   5.703   5.645   5.442   5.366   4.944   5.345   4.386   4.134   5.376   5.524   5.493   4.786   5.214   6.058     5.7   5.308
  4.531   5.291   5.592   3.426   5.035   4.437   4.121   4.917   4.519   4.455   3.787     4.3   4.686   5.292   4.119   4.479   4.238   4.901   4.183   4.638

Time taken by SIMD matrix multiplication is : 0.0003 sec 
    3     6     7     5     3     5     6     2     9     1     2     7     0     9     3     6     0     6     2     6
    1     8     7     9     2     0     2     3     7     5     9     2     2     8     9     7     3     6     1     2
    9     3     1     9     4     7     8     4     5     0     3     6     1     0     6     3     2     0     6     1
    5     5     4     7     6     5     6     9     3     7     4     5     2     5     4     7     4     4     3     0
    7     8     6     8     8     4     3     1     4     9     2     0     6     8     9     2     6     6     4     9
    5     0     4     8     7     1     7     2     7     2     2     6     1     0     6     1     5     9     4     9
    0     9     1     7     7     1     1     5     9     7     7     6     7     3     6     5     6     3     9     4
    8     1     2     9     3     9     0     8     8     5     0     9     6     3     8     5     6     1     1     5
    9     8     4     8     1     0     3     0     4     4     4     4     7     6     3     1     7     5     9     6
    2     1     7     8     5     7     4     1     8     5     9     7     5     3     8     8     3     1     8     9
    6     4     3     3     3     8     6     0     4     8     8     8     9     7     7     6     4     3     0     3
    0     9     2     5     4     0     5     9     4     6     9     2     2     4     7     7     5     4     8     1
    2     8     9     3     6     8     0     2     1     0     5     1     1     0     8     5     0     6     4     6
    2     5     8     6     2     8     4     7     2     4     0     6     2     9     9     0     8     1     3     1
    1     0     3     4     0     3     9     1     9     6     9     3     3     8     0     5     6     6     4     0
    0     4     6     2     6     7     5     6     9     8     7     2     8     2     9     9     6     0     2     7
    6     1     3     2     1     5     9     9     1     4     9     1     0     7     5     8     7     0     4     8
    0     4     2     9     6     1     0     4     2     2     2     0     5     5     2     9     0     2     8     3
    8     0     4     0     9     1     9     6     2     5     4     4     9     9     3     6     0     5     0     2
    9     4     3     5     1     7     4     3     1     4     6     9     4     2     2     6     4     1     2     8

    8     9     2     8     8     8     6     8     3     8     3     3     3     8     0     4     7     6     8     9
    0     6     8     7     9     0     3     3     3     7     3     2     6     5     2     6     5     8     7     9
    6     0     4     1     0     4     8     7     0     8     6     2     4     7     9     3     9     2     8     3
    0     1     7     8     9     1     5     4     9     2     5     7     4     9     9     4     5     9     3     5
    7     0     8     1     9     9     7     8     2     5     3     4     9     0     2     0     1     9     6     2
    1     2     0     7     3     1     1     9     0     5     6     7     7     4     0     6     4     7     4     8
    5     8     2     6     0     6     6     4     6     2     8     9     6     0     7     0     1     0     1     3
    7     7     2     6     4     5     2     0     2     9     0     9     9     4     5     1     0     3     7     8
    8     6     0     4     6     7     6     0     9     7     5     9     7     8     5     3     3     8     3     7
    9     3     7     8     7     4     1     9     0     9     8     8     5     8     4     3     7     1     3     8
    0     9     7     9     9     3     2     4     3     7     1     2     2     0     2     1     7     5     1     7
    4     1     7     1     1     1     7     0     4     0     8     5     1     6     6     2     1     9     6     4
    8     0     8     1     0     2     2     9     7     5     6     4     6     3     7     9     7     4     9     1
    7     0     6     0     8     5     3     9     4     1     5     4     1     5     5     4     9     8     3     8
    5     2     2     2     7     0     3     4     6     3     6     3     3     4     4     3     9     7     2     5
    8     9     0     2     4     7     6     5     7     1     3     3     3     8     5     1     0     8     7     6
    3     5     0     8     0     4     1     1     3     5     9     3     4     1     5     0     8     3     5     6
    5     9     9     0     7     6     3     7     6     1     5     0     6     5     0     8     1     2     2     6
    9     1     0     4     2     7     4     0     3     2     8     0     3     7     0     0     3     4     9     2
    7     4     2     5     2     4     4     3     8     6     0     8     9     2     2     3     1     8     3     4

  461   362   353   324   434   376   413   404   419   358   419   428   420   459   372   284   349   548   392   507
  439   402   435   398   554   344   372   434   441   423   428   393   403   480   422   299   482   548   390   558
  374   336   250   408   384   323   353   316   355   336   398   397   369   392   305   202   310   475   379   433
  497   413   395   443   491   408   382   453   370   445   462   465   463   470   399   262   394   517   462   562
  599   387   493   485   596   447   422   602   475   539   539   492   559   526   420   382   569   629   514   615
  466   364   345   360   401   396   398   352   443   361   430   420   456   391   343   240   315   483   362   424
  544   389   454   464   535   409   391   400   473   483   508   462   508   495   410   297   444   616   513   555
  523   354   334   449   451   361   382   433   442   463   480   530   482   523   415   317   429   613   487   570
  492   365   407   440   455   379   368   422   431   424   483   367   409   478   358   319   479   519   483   510
  578   392   394   476   491   434   464   481   506   482   538   518   509   528   455   296   480   659   504   554
  513   400   442   440   478   367   377   553   420   449   524   470   438   455   408   346   504   567   450   572
  471   437   386   447   502   382   338   356   391   438   433   400   442   425   367   229   398   493   438   539
  342   294   309   302   391   275   314   381   287   364   314   274   395   345   243   259   330   455   375   409
  418   255   325   378   381   287   324   404   310   397   487   420   397   418   402   263   470   480   419   506
  423   387   314   369   371   372   308   370   369   334   446   387   342   372   352   220   369   384   308   460
  584   424   367   471   461   420   396   491   455   547   499   543   559   456   451   297   473   581   491   570
  485   460   256   474   398   405   331   395   364   439   392   457   427   364   348   187   393   461   395   540
  377   222   285   255   360   298   277   311   327   260   289   277   324   359   280   195   254   424   365   332
  553   368   406   299   415   439   376   515   359   391   399   411   425   361   363   267   365   442   426   453
  420   379   325   434   373   322   347   399   357   401   395   414   390   409   324   261   361   507   425   494

Time taken by SIMD matrix multiplication is : 0.000216 sec 
 0.8402  0.3944
 0.7831  0.7984

 0.9116  0.1976
 0.3352  0.7682

 0.8982   0.469
 0.9816  0.7681

Time taken by SIMD matrix multiplication is : 0.0000 sec 
    3     6
    7     5

    3     5
    6     2

   45    27
   51    45

Time taken by SIMD matrix multiplication is : 0.000007 sec 
Time taken by SIMD matrix multiplication is : 2.056560 sec 
Did not print out matrices because matrix dimension >20.
Time taken by SIMD matrix multiplication is : 1.935146 sec 
Did not print out matrices because matrix dimension >20.
Time taken by SIMD matrix multiplication is : 0.002819 sec 
Did not print out matrices because matrix dimension >20.
Time taken by SIMD matrix multiplication is : 0.003676 sec 
Did not print out matrices because matrix dimension >20.
 0.8402  0.3944  0.7831  0.7984  0.9116
 0.1976  0.3352  0.7682  0.2778   0.554
 0.4774  0.6289  0.3648  0.5134  0.9522
 0.9162  0.6357  0.7173  0.1416   0.607
 0.0163  0.2429  0.1372  0.8042  0.1567

 0.4009  0.1298  0.1088  0.9989  0.2183
 0.5129  0.8391  0.6126   0.296  0.6376
 0.5243  0.4936  0.9728  0.2925  0.7714
 0.5267  0.7699  0.4002  0.8915  0.2833
 0.3525  0.8077   0.919 0.06976  0.9493

  1.692   2.178   2.252   1.961   2.131
 0.9955   1.347   1.594  0.8076   1.454
  1.311   1.934   1.873   1.294   1.836
  1.358   1.606   1.801   1.482   1.775
 0.6819   1.019  0.7499  0.8562  0.6408

Time taken by SIMD matrix multiplication is : 0.0000 sec 
    3     6     7     5     3
    5     6     2     9     1
    2     7     0     9     3
    6     0     6     2     6
    1     8     7     9     2

    0     2     3     7     5
    9     2     2     8     9
    7     3     6     1     2
    9     3     1     9     4
    7     8     4     5     0

  169    78    80   136   103
  156    63    52   171   119
  165    69    41   166   109
  102    84    80    96    50
  216    82    78   169   127

Time taken by SIMD matrix multiplication is : 0.000012 sec 
